	,C,	,I,
Loading chain C
Torsional SS assigned
	-145.475324	-163.336326	ASP	999.000000	-175.122888	179.997062	2	-62.707086	-30.364306	
	-122.368088	89.456511	ASP	-145.475324	-163.336326	179.965409	2	-38.270397	-47.751457	
	-77.965189	-13.651730	ILE	-122.368088	89.456511	179.984971	2	-60.118050	170.525012	
	-98.533094	-51.119063	TYR	-77.965189	-13.651730	179.976707	2	35.820299	-80.862470	
	-62.018693	-27.490289	LYS	-98.533094	-51.119063	-179.994510	4	-161.068770	-176.621624	-173.450579	86.930392	
	-74.990173	-46.186213	ALA	-62.018693	-27.490289	179.985092	0	
	-57.749177	-50.055952	ALA	-74.990173	-46.186213	179.964543	0	
	-45.857415	-56.279919	VAL	-57.749177	-50.055952	-179.977507	1	61.976400	
	-60.187986	-29.961452	GLU	-45.857415	-56.279919	179.996557	3	-171.111805	-177.889958	0.660865	
	-93.387739	44.832452	GLN	-60.187986	-29.961452	-179.951218	3	-59.486750	-69.115036	-47.858795	
	-109.137771	139.590287	LEU	-93.387739	44.832452	179.980963	2	-125.481731	92.185371	
	-99.722141	159.414330	THR	-109.137771	139.590287	-179.968893	1	73.920620	
	-51.393429	-20.580672	GLU	-99.722141	159.414330	-179.991194	3	-59.080463	82.552086	-3.145963	
	-67.674928	-39.002969	GLU	-51.393429	-20.580672	-179.970567	3	-172.656812	69.482049	24.642248	
	-84.919967	-58.121070	GLN	-67.674928	-39.002969	179.982005	3	-72.620919	177.307573	-84.510954	
	-43.858784	-47.779526	LYS	-84.919967	-58.121070	-179.983897	4	-174.041883	-176.497172	-172.002339	103.812958	
	-49.586146	-32.378781	ASN	-43.858784	-47.779526	-179.999919	2	-174.631024	-5.119181	
	-79.016898	-50.702478	GLU	-49.586146	-32.378781	-179.984580	3	-58.581125	-176.225225	-8.921689	
	-57.359572	-44.387848	PHE	-79.016898	-50.702478	-179.960351	2	-65.195141	-1.020484	
	-52.114795	-28.820419	LYS	-57.359572	-44.387848	179.986105	4	-172.603718	-178.821300	-174.211183	-151.976253	
	-59.069873	-64.568803	ALA	-52.114795	-28.820419	-179.996252	0	
	-55.564805	-52.395094	ALA	-59.069873	-64.568803	179.953646	0	
	-34.148706	-49.272114	PHE	-55.564805	-52.395094	-179.969309	2	-68.730843	27.930559	
	-65.090916	-58.038958	ASP	-34.148706	-49.272114	-179.988694	2	-54.373283	-20.329126	
	-59.658835	-24.262476	ILE	-65.090916	-58.038958	-179.976646	2	-56.431268	172.380361	
	-82.443005	-2.339292	PHE	-59.658835	-24.262476	179.998587	2	99.012834	24.148280	
	-138.081956	24.726719	VAL	-82.443005	-2.339292	-179.989993	1	8.048691	
	-68.547380	93.590578	LEU	-138.081956	24.726719	179.994746	2	-171.557684	71.079625	
	118.133779	2.485689	GLY	-68.547380	93.590578	179.980127	0	
	-64.750692	169.789047	ALA	118.133779	2.485689	-179.998513	0	
	-96.667949	-46.655452	GLU	-64.750692	169.789047	-179.992768	3	-64.039233	-174.226608	-7.647104	
	-106.154027	-44.463821	ASP	-96.667949	-46.655452	-179.987231	2	-65.190506	-13.792284	
	140.813987	46.999272	GLY	-106.154027	-44.463821	179.990103	0	
	-128.316481	-167.878297	CYS	140.813987	46.999272	-179.979712	1	-40.764831	
	-131.322727	149.265733	ILE	-128.316481	-167.878297	179.999586	2	127.070193	178.065518	
	-154.078387	42.511233	SER	-131.322727	149.265733	179.992795	1	172.651729	
	70.787843	-57.417485	THR	-154.078387	42.511233	-179.996411	1	86.968796	
	-40.647095	-38.697149	LYS	70.787843	-57.417485	179.994085	4	-62.567412	176.882688	60.757669	154.031709	
	-91.499002	-47.235038	GLU	-40.647095	-38.697149	179.986534	3	-57.313432	82.109542	1.404385	
	-54.737854	-61.896780	LEU	-91.499002	-47.235038	-179.971640	2	-153.049938	85.121661	
	-41.385321	-37.746735	GLY	-54.737854	-61.896780	-179.999882	0	
	-50.074136	-36.610965	LYS	-41.385321	-37.746735	-179.962650	4	-143.045955	-61.763559	-155.967621	-33.530680	
	-75.910243	-39.226297	VAL	-50.074136	-36.610965	-179.997287	1	-35.139606	
	-44.916761	-62.167475	MET	-75.910243	-39.226297	179.976781	3	-74.419759	-81.904499	126.699114	
	-39.001732	-36.846561	ARG	-44.916761	-62.167475	-179.959428	5	-174.477374	-178.784481	-175.803328	-71.717283	0.006310	
	-84.020278	-30.972290	MET	-39.001732	-36.846561	179.989835	3	-170.763760	-173.778306	113.169942	
	-70.077632	-7.899004	LEU	-84.020278	-30.972290	-179.969515	2	-172.894577	124.201156	
	98.597935	18.952478	GLY	-70.077632	-7.899004	179.994058	0	
	-144.025990	-168.093121	GLN	98.597935	18.952478	-179.970340	3	-144.897799	177.990936	53.432706	
	-175.955535	81.163254	ASN	-144.025990	-168.093121	-179.954593	2	161.149903	-136.612461	
	-73.486382	155.164821	PRO	-175.955535	81.163254	179.967537	2	25.363565	-28.738276	
	-78.792012	165.246719	THR	-73.486382	155.164821	179.957615	1	121.596861	
	-72.146111	-21.012750	PRO	-78.792012	165.246719	179.982455	2	24.732446	-28.790487	
	-80.906257	-30.522989	GLU	-72.146111	-21.012750	179.991646	3	-63.595741	-179.363333	-9.526972	
	-92.283892	-41.580786	GLU	-80.906257	-30.522989	179.975526	3	-172.076637	-177.597630	0.709663	
	-37.661533	-42.732977	LEU	-92.283892	-41.580786	-179.991090	2	-88.619115	145.171145	
	-41.846199	-32.510584	GLN	-37.661533	-42.732977	179.949539	3	-173.933917	179.958011	-7.001333	
	-53.985593	-46.742707	GLU	-41.846199	-32.510584	179.975432	3	-80.724462	34.842876	77.911033	
	-63.557338	-12.674857	MET	-53.985593	-46.742707	-179.948647	3	1.038986	118.657815	-47.662573	
	-104.651540	-42.145099	ILE	-63.557338	-12.674857	-179.991263	2	-108.409107	164.359873	
	-71.194132	-16.593363	ASP	-104.651540	-42.145099	-179.995748	2	-173.325084	85.673085	
	-70.469436	-17.062258	GLU	-71.194132	-16.593363	-179.986139	3	-168.813639	-177.211752	15.691334	
	-147.773722	53.435797	VAL	-70.469436	-17.062258	179.990185	1	73.731065	
	-119.707172	85.200572	ASP	-147.773722	53.435797	-179.988719	2	-175.125570	-28.834186	
	-100.131639	37.061765	GLU	-119.707172	85.200572	-179.989971	3	-54.105115	-71.380068	-14.506113	
	-137.159373	-24.363882	ASP	-100.131639	37.061765	179.953388	2	59.175714	16.206246	
	79.241582	15.069825	GLY	-137.159373	-24.363882	-179.960497	0	
	-79.046802	-37.417445	SER	79.241582	15.069825	179.985806	1	79.279063	
	107.512367	-36.425778	GLY	-79.046802	-37.417445	-179.964896	0	
	-95.741291	153.651644	THR	107.512367	-36.425778	179.973957	1	83.605944	
	-97.634490	152.156362	VAL	-95.741291	153.651644	179.969306	1	147.705934	
	-134.389415	-176.602046	ASP	-97.634490	152.156362	179.983973	2	-65.844584	-23.022063	
	-58.162696	-17.403038	PHE	-134.389415	-176.602046	-179.988014	2	65.611774	-86.715532	
	-87.142464	-44.712823	ASP	-58.162696	-17.403038	179.986046	2	-178.318785	13.913431	
	-79.938347	-46.283420	GLU	-87.142464	-44.712823	-179.978725	3	-67.586981	178.181952	-4.142738	
	-55.396189	-60.962140	PHE	-79.938347	-46.283420	179.997581	2	-154.846062	-75.334361	
	-34.660348	-55.021752	LEU	-55.396189	-60.962140	-179.957717	2	-139.064066	161.141865	
	-56.734145	-38.394156	VAL	-34.660348	-55.021752	-179.992041	1	154.525283	
	-54.978287	-17.453711	MET	-56.734145	-38.394156	179.977306	3	-171.646076	-171.918444	-175.804239	
	-91.334995	-44.248643	MET	-54.978287	-17.453711	179.954032	3	-70.269173	-67.770367	103.825518	
	-59.767120	-40.134789	VAL	-91.334995	-44.248643	-179.971303	1	89.100837	
	-60.000398	-31.263460	ARG	-59.767120	-40.134789	179.985597	5	-172.849312	-179.688170	-178.447337	76.880135	-0.077757	
	-109.381473	40.948672	CYS	-60.000398	-31.263460	179.989333	1	-61.424370	
	-57.901248	-76.540683	MET	-109.381473	40.948672	179.995255	3	-158.242070	-174.658945	82.666155	
	-133.646243	145.879505	LYS	-57.901248	-76.540683	179.971524	4	-69.316582	-172.766515	-172.500235	-144.704239	
	-89.251606	116.825663	ASP	-133.646243	145.879505	-179.992713	2	-64.141820	-12.644246	
	-152.856526	36.387853	ASP	-89.251606	116.825663	179.959147	2	66.185054	-87.521602	
