     2	  -44.1
     3	 -136.7
     4	 -88.52
     5	 -76.78
     6	 -7.102
     7	 -52.33
     8	  5.474
     9	 -56.97
    10	 -186.9
    11	 -12.89
    12	  -34.7
    13	 -176.3
    14	  7.609
    15	 -57.55
    16	  10.28
    17	 -3.236
    18	   15.6
    19	 -19.27
    20	 -19.49
    21	  8.156
    22	 -45.85
    23	  14.21
    24	 -6.098
    25	 -91.83
    26	   25.9
    27	  4.142
    28	  17.93
    29	 -2.881
    30	  1.421
    31	 -14.75
    32	 -59.87
    33	 -64.32
    34	 -80.94
    35	 -110.5
    36	 -67.08
    37	 -134.2
    38	 -36.11
    39	 -150.1
    40	 -100.9
    41	 -91.31
    42	 -74.83
    43	   49.5
    44	  79.89
    45	 -21.98
    46	 -28.21
    47	 -48.03
    48	 -21.46
    49	 -8.597
    50	 -41.53
    51	 -44.31
    52	 -38.48
    53	  136.1
    54	  33.83
    55	  19.68
    56	 -132.1
    57	 -110.4
    58	   -179
    59	 -47.42
    60	 -3.235
    61	  99.07
    62	 -22.75
    63	    -35
    64	 -22.59
    65	  -59.3
    66	  -30.2
    67	 -18.07
    68	 -52.62
    69	 -18.76
    70	 -6.864
    71	  -30.9
    72	  -33.9
    73	 -11.91
    74	 -37.03
    75	   4.42
    76	 -56.81
    77	 -15.15
    78	 -12.69
    79	 -4.954
    80	 -30.04
    81	 -29.13
    82	 -12.19
    83	 -45.65
    84	 -69.93
    85	  -70.6
    86	 -13.51
    87	  -12.1
    88	 -30.01
    89	  91.94
    90	 -75.51
    91	 -25.01
    92	  31.59
    93	  -29.9
    94	 -38.89
    95	 -41.75
    96	 -25.52
    97	 -44.91
    98	 -19.44
    99	 -97.99
   100	 -56.72
   101	 -2.294
   102	  48.75
   103	 -19.64
   104	  21.19
   105	 -24.52
   106	 -0.736
   107	 -28.83
   108	  77.28
   109	 -63.77
   110	 -11.19
   111	  19.26
   112	 -20.38
   113	 -28.88
   114	 -48.62
   115	  79.04
   116	 -10.99
   117	 -22.81
   118	 -38.95
   119	 -127.9
   120	 -48.97
   121	 -27.44
   122	 -28.82
   123	 -112.4
   124	 -22.42
   125	 -36.11
   126	 -52.02
   127	 -135.2
   128	 -36.64
   129	    -82
   130	 -51.56
   131	 -23.26
   132	 -46.18
   133	 -20.86
   134	 -12.12
   135	  12.04
   136	  24.93
   137	 -25.35
   138	 -90.19
   139	 -30.75
   140	 -11.63
   141	  3.264
   142	 -62.29
   143	 -29.67
   144	   6.19
   145	 -100.2
   146	 -145.3
   147	  16.34
   148	 -68.78
   149	 -21.73
   150	 -51.93
   151	 -15.22
   152	 -66.45
   153	 -35.19
   154	  55.59
   155	 -20.14
   156	   96.3
   157	 -50.69
   158	  9.332
   159	 -90.46
   160	 -29.42
   161	  46.86
   162	 -52.83
   163	 -75.37
   164	 -44.54
   165	 -53.85
   166	  21.11
   167	 -23.96
   168	 -42.58
   169	 -33.06
   170	 -22.85
   171	 -8.488
   172	 -1.251
   173	 -78.32
   174	 -20.11
   175	 -29.33
   176	 -79.29
   177	 -27.99
   178	 -112.4
   179	 -37.85
   180	 -136.3
   181	 -74.62
   182	 -58.38
   183	 -36.98
   184	   11.3
   185	 -4.351
   186	 -22.13
   187	 -6.873
   188	 -0.985
   189	  24.27
   190	  0.882
   191	 -22.83
   192	  24.95
   193	 -9.931
   195	  24.68
   196	  64.82
   197	 -0.884
   198	 -44.89
   199	 -39.32
   200	 -25.48
   201	 -24.15
   202	 -29.31
   203	 -64.98
   204	 -51.55
   205	 -51.34
   206	 -9.167
   207	  14.06
   208	 -17.32
   209	 -10.44
   210	  50.67
   211	 -59.67
   212	 -81.32
   213	 -29.49
   214	 -9.181
   215	 -47.36
   216	 -36.04
   217	 -22.98
   218	  10.16
   219	 -60.87
   220	 -31.97
   221	 -23.54
   222	 -18.06
   223	 -42.99
   224	 -80.15
   225	 -74.92
   226	 -41.83
   227	 -48.76
   228	 -74.55
   229	  -10.4
   230	 -36.05
   231	 -44.64
   232	  -13.3
   233	  2.176
   234	 -24.72
   235	 -50.04
   236	 -49.04
   237	 -47.29
   238	 -18.89
   239	  4.204
   240	  12.93
   242	  1.907
   243	 -41.52
   244	  -22.1
   245	  -8.01
   246	  9.823
   247	  0.283
   248	 -21.57
   249	  3.924
   250	  1.158
   251	  3.476
   252	   24.8
   253	 -3.145
   254	 -11.45
   255	  -13.2
   256	 -31.01
   257	 -42.21
   258	 -13.96
   259	 -11.91
   260	    -21
   261	 -21.98
   262	  -19.2
   263	 -7.968
   264	 -4.183
   265	 -21.16
   266	 -20.88
   267	 -40.84
   268	 -25.06
   269	 -43.14
   270	 -22.57
   271	 -22.92
   272	 -32.64
   273	 -13.59
   274	 -33.07
   275	 -13.85
   276	 -17.76
   277	 -16.84
   278	 -80.92
   279	 -17.21
   280	 -39.62
   281	  -23.9
   282	 -4.481
   283	 -36.36
   284	  -10.6
   285	 -43.64
   286	 -10.44
   288	 -11.68
   289	 -51.07
   290	 -57.33
   291	 -27.14
   292	  -26.6
   293	 -25.35
   294	  -15.3
   295	 -32.84
   296	 -49.45
   297	 -37.54
   298	 -31.48
   299	 -23.61
   300	 -39.55
   301	 -23.03
   303	 -65.05
   304	 -37.61
   305	 -39.64
   306	 -73.38
   307	 -54.99
   308	 -68.83
   309	 -68.73
   310	 -111.6
   311	  -55.6
   312	 -54.98
   313	 -67.88
   314	 -35.55
   315	 -45.12
   316	 -6.847
   317	 -25.35
   318	 -35.99
   319	 -68.36
   320	 -92.35
   321	 -23.92
   322	 -24.98
   323	 -124.7
   324	 -6.494
   325	 -12.87
   326	 -49.86
   327	  -30.2
   328	  15.51
   329	 -43.69
   330	  17.78
   331	 -41.46
   332	  11.17
   333	 -18.93
   334	 -10.77
   335	 -51.92
   336	 -91.52
   337	 -133.6
   338	 -55.26
   339	 -98.27
   340	 -37.45
   341	 -85.59
   342	 -119.2
   343	 -88.72
   344	  -26.2
   345	 -23.35
   346	 -66.75
   347	  4.577
   348	  20.43
   349	 -0.122
   350	  -50.1
   351	 -16.89
   352	  34.56
   353	 -32.87
   354	  167.9
   355	  21.82
   356	  -12.6
   357	  1.257
   358	 -53.71
   359	 -19.16
   360	 -4.616
   361	   -125
   362	 -62.71
   363	 -56.46
   364	 -95.71
   365	  -82.5
   366	 -19.04
   367	 -75.47
   368	 -10.84
   369	 -26.52
   370	  28.15
   371	 -22.25
   372	 -20.86
   373	 -26.32
   374	 -119.1
   375	 -89.95
   376	 -1.592
   377	 -13.13
   378	 -30.77
   379	 -36.42
   380	 -30.05
   382	  11.07
   383	 -17.98
   384	 -2.377
   385	 -21.05
   386	  0.969
   387	  -14.8
   388	  50.68
   389	  68.17
   390	 -24.04
   391	 -24.53
   392	 -15.07
   393	 -94.62
   394	 -13.32
   395	 -30.33
   396	 -16.39
   397	  3.477
   398	 -27.67
   399	 -19.09
   400	 -9.616
   401	 -16.99
   402	 -45.37
   403	 -17.64
   404	  6.185
   405	  -43.1
   406	 -1.203
   407	 -12.92
   408	  18.82
   409	 -89.02
   410	 -6.886
   411	 -12.92
   412	 -18.58
   413	 -38.81
   414	  -31.5
   415	 -32.04
   416	 -26.96
   417	 -20.84
   418	  20.21
   419	 -21.39
   420	 -2.181
   421	  3.777
   422	 -16.13
   423	 -29.12
   424	 -9.055
   425	 -10.77
   426	  11.28
   427	  11.62
   428	 -19.32
   429	 -47.14
   430	 -70.03
   431	 -43.02
   432	 -22.78
   433	  -27.6
   434	 -17.11
   435	  41.72
   436	  1.385
   437	  -59.9
   438	 -74.83
   439	  13.45
   440	 -43.93
   441	 -61.06
   442	 -26.04
   443	 -47.53
   444	 -55.51
   445	 -25.12
   446	 -44.25
   447	 -25.53
   448	 -9.869
   449	  22.88
   450	  31.91
   451	 -17.44
   453	 -4.255
   454	 -27.43
   455	 -21.51
   456	 -95.84
   457	 -57.27
   458	  -43.4
   459	 -1.322
   460	 -13.44
   461	 -10.86
   462	  38.37
   463	  19.49
   464	  23.87
   465	  95.06
   466	  9.407
   467	 -5.795
   468	 -23.44
   469	 -20.15
   470	 -24.62
   471	 -19.83
   472	  -52.1
   473	  18.14
   474	   16.2
   475	   25.3
   476	 -41.69
   477	 -45.46
   478	  8.202
   479	 -6.167
   480	 -19.79
   481	  20.12
   482	 -37.72
   483	  49.22
   484	 -19.44
   485	 -13.34
   486	 -9.242
   487	  39.47
   488	  6.254
   489	 -11.03
   490	 -95.29
   491	 -19.92
   492	   24.8
   493	  42.89
   494	    3.4
   495	  -59.5
   496	 -33.46
   497	  0.547
   498	 -18.32
   499	  -64.5
   500	 -69.37
   501	 -32.59
   502	 -65.65
   503	  -61.8
   504	 -45.55
   505	 -13.48
   506	  2.561
   507	 -49.24
   508	 -37.18
   509	 -31.96
   510	 -27.23
   511	    -24
   512	 -22.52
   513	 -26.29
   514	 -4.028
   515	  26.68
   516	  112.5
   517	  76.21
   518	 -13.99
   519	 -32.02
   520	 -21.88
   522	 -19.77
   523	  103.9
   524	  22.03
   525	 -38.29
   526	  21.53
   527	 -0.065
   528	 -47.76
   529	 -58.63
   530	 -79.15
   531	  -38.7
   532	  1.968
   533	 -26.71
   534	 -10.36
   535	 -22.67
   536	 -11.95
   537	 -29.87
   538	 -5.152
   539	  16.75
   540	 -32.69
   541	 -56.61
   542	 -44.26
   543	 -39.82
   544	  -47.2
   545	  15.62
   546	  17.49
   547	 -22.45
   548	 -29.25
   549	  -15.5
   550	  32.24
   551	 -220.2
   552	   -226
   553	 -338.6
   554	 -233.8
   555	 -59.58
   556	 -57.02
   557	  -30.7
   558	 -23.29
   559	  26.55
   560	 -65.96
   561	 -61.55
   562	 -89.72
   563	 -57.84
   564	 -36.78
   565	  -41.1
   566	 -51.11
   567	  -44.6
   568	 -75.36
   569	 -55.64
   570	 -65.72
   571	 -45.18
   572	 -9.924
   573	 -44.24
   574	 -25.07
   575	 -15.75
   576	 -63.61
   577	 -33.56
   578	 -35.82
   579	 -32.24
   580	 -71.45
   581	 -37.79
   582	 -25.21
   583	  -14.4
   584	 -59.21
   585	 -23.68
   586	 -76.51
   587	  -26.2
   588	 -8.566
   589	 -71.36
   590	 -31.56
   591	  0.909
   592	 -19.14
   593	 -20.37
   594	 -39.98
   595	  -41.4
   596	 -59.07
   597	 -47.21
   598	 -13.31
   599	  14.36
   600	 -3.295
   601	 -25.64
   602	 -13.51
   603	 -10.93
   604	  -6.78
   605	 -10.03
   606	 -4.004
   607	   5.94
   608	 -151.8
   609	 -49.52
   610	 -138.1
   611	  20.95
   612	 -20.63
   613	 -9.216
   614	 -55.36
   615	 -44.44
   616	 -23.05
   617	  -46.8
   618	 -37.62
   619	 -57.92
   620	 -52.35
   621	 -15.76
   622	 -30.24
   623	  -17.2
   624	 -25.31
   625	  15.12
   626	  8.353
   627	 -14.58
   628	 -48.58
   629	 -56.91
   630	  0.971
   631	 -42.21
   632	 -19.91
   633	 -9.613
   634	 -15.91
   635	  2.114
   636	  27.63
   637	 -7.976
   638	  -22.9
   639	 -1.925
   640	 -32.24
   641	 -4.506
   642	 -50.64
   643	 -53.31
   644	 -88.05
   645	 -34.05
   646	  0.348
   647	  -22.8
   648	 -9.088
   649	  -22.3
   650	  -32.8
   651	 -48.74
   652	 -30.85
   653	 -25.28
   654	 -62.15
   655	 -50.78
   656	 -44.78
   657	  -54.5
   658	 -41.48
   659	 -41.36
   660	  -16.4
   661	 -13.89
   662	  0.485
   663	 -64.19
   664	    -43
   665	 -30.26
   666	      0
