     2	-0.2217
     3	-0.0559
     4	-0.1673
     5	  -0.23
     6	 -0.236
     7	-0.1708
     8	 0.4626
     9	-0.1708
    10	-0.2916
    11	  0.753
    12	-0.1708
    13	-0.1863
    14	 0.1404
    15	-0.2333
    16	 0.5617
    17	-0.3212
    18	-0.2331
    19	-0.06378
    20	0.01151
    21	 0.1358
    22	-0.2287
    23	-0.1142
    24	      0
    25	 -0.124
    26	 0.1907
    27	      0
    28	-0.1154
    29	 0.1675
    30	-0.4873
    31	      0
    32	-0.2333
    33	-0.2339
    34	 0.5252
    35	-0.3664
    36	 -0.123
    37	 0.7874
    38	-0.3001
    39	-0.3137
    40	-0.09952
    41	 0.1127
    42	-0.1858
    43	-0.03886
    44	 -0.236
    45	0.01151
    46	-0.1226
    47	 0.2233
    48	  0.153
    49	-0.2184
    50	-0.2035
    51	 0.0416
    52	-0.2206
    53	 -0.195
    54	0.02421
    55	 0.3861
    56	0.01631
    57	 0.3861
    58	 0.4243
    59	-0.2411
    60	 -0.406
    61	-0.2752
    62	 0.2064
    63	 0.3298
    64	      0
    65	-0.005092
    66	      0
    67	 0.1365
    68	-0.2623
    69	-0.2727
    70	 -0.385
    71	0.01264
    72	0.06887
    73	-0.2079
    74	-0.2727
    75	 0.1021
    76	-0.2752
    77	0.07943
    78	      0
    79	-0.2664
    80	-0.1748
    81	-0.2811
    82	-0.1962
    83	 0.1158
    84	-0.2614
    85	 0.4266
    86	-0.3137
    87	-0.05489
    88	 0.1018
    89	-0.3121
    90	-0.1466
    91	-0.2184
    92	 0.4688
    93	 0.1735
    94	0.09985
    95	 0.4975
    96	0.05181
    97	 0.2356
    98	      0
    99	0.009846
   100	  0.246
   101	-0.09461
   102	0.07931
   103	      0
   104	 0.2923
   105	 0.1461
   106	 0.1416
   107	      0
   108	-0.2331
   109	   0.41
   110	0.05181
   111	 0.1513
   112	0.05181
   113	      0
   114	0.03099
   115	0.09487
   116	      0
   117	 0.5196
   118	      0
   119	-0.3301
   120	-0.5409
   121	 0.2467
   122	-0.5409
   123	 -0.415
   124	      0
   125	-0.1817
   126	-0.3611
   127	-0.2916
   128	-0.1154
   129	 0.5022
   130	 0.4975
   131	 0.1459
   132	-0.2727
   133	  0.055
   134	 0.1416
   135	  0.121
   136	-0.2085
   137	-0.05848
   138	-0.1685
   139	-0.2422
   140	      0
   141	-0.07193
   142	-0.1748
   143	 -0.212
   144	-0.06277
   145	-0.06871
   146	0.01661
   147	-0.2565
   148	0.05147
   149	-0.0617
   150	-0.2339
   151	-0.2834
   152	-0.1396
   153	      0
   154	 0.3988
   155	      0
   156	-0.2564
   157	-0.3064
   158	 0.1158
   159	0.004125
   160	      0
   161	-0.3664
   162	 0.1491
   163	-0.005092
   164	 0.5569
   165	-0.3001
   166	-0.2648
   167	 0.1038
   168	 -0.236
   169	-0.1708
   170	      0
   171	-0.06661
   172	-0.06328
   173	-0.2751
   174	-0.2876
   175	      0
   176	 0.4975
   177	-0.1863
   178	-0.2916
   179	-0.3212
   180	-0.2047
   181	-0.0617
   182	 0.3988
   183	 0.0397
   184	 0.1018
   185	      0
   186	0.007645
   187	0.02413
   188	 0.5746
   189	-0.3085
   190	      0
   191	0.07084
   192	 0.1256
   193	      0
   195	 0.7222
   196	 0.5559
   197	-0.0964
   198	-0.1748
   199	-0.3012
   200	  0.074
   201	  0.154
   202	 0.3443
   203	-0.1458
   204	-0.2411
   205	  -0.23
   206	0.04432
   207	-0.2214
   208	      0
   209	 -0.295
   210	-0.06329
   211	-0.07761
   212	 -0.212
   213	-0.1153
   214	-0.2756
   215	-0.2792
   216	-0.1858
   217	      0
   218	-0.07193
   219	-0.04844
   220	0.02421
   221	0.04432
   222	0.07071
   223	 -0.385
   224	-0.05489
   225	-0.1865
   226	-0.1022
   227	-0.3001
   228	-0.2614
   229	-0.09461
   230	-0.2339
   231	-0.1712
   232	0.05667
   233	 0.2931
   234	0.07638
   235	-0.3491
   236	0.01151
   237	 0.1907
   238	 0.1491
   239	-0.2079
   240	-0.3137
   242	-0.2564
   243	-0.2365
   244	 0.1513
   245	 0.4369
   246	-0.3381
   247	      0
   248	-0.2768
   249	      0
   250	 0.1433
   251	-0.2779
   252	-0.1004
   253	0.01151
   254	 0.1358
   255	      0
   256	-0.1608
   257	-0.03183
   258	-0.06871
   259	 0.1491
   260	-0.1494
   261	      0
   262	 0.1023
   263	-0.07208
   264	-0.2876
   265	      0
   266	-0.3012
   267	0.03095
   268	 0.4266
   269	-0.1763
   270	0.05667
   271	0.09487
   272	0.05181
   273	-0.0559
   274	-0.3079
   275	-0.1628
   276	-0.09991
   277	      0
   278	-0.004168
   279	-0.2759
   280	0.002831
   281	0.04432
   282	 0.0416
   283	0.09523
   284	 -0.238
   285	0.09781
   286	-0.1456
   288	-0.1855
   289	0.09781
   290	 0.3408
   291	0.03095
   292	-0.2184
   293	-0.2652
   294	-0.1748
   295	-0.000385
   296	-0.2725
   297	-0.3667
   298	 0.1427
   299	      0
   300	-0.1628
   301	0.05667
   303	-0.1673
   304	0.09981
   305	0.05667
   306	 -0.195
   307	-0.2035
   308	-0.3667
   309	-0.2365
   310	-0.07936
   311	0.04432
   312	 0.1416
   313	-0.2514
   314	 0.1358
   315	-0.3213
   316	 0.0882
   317	-0.1489
   318	-0.1456
   319	-0.1361
   320	0.09981
   321	0.02421
   322	 0.0882
   323	0.004125
   324	-0.2085
   325	-0.1098
   326	-0.1865
   327	0.01631
   328	-0.04498
   329	-0.2759
   330	      0
   331	-0.2614
   332	 0.1573
   333	0.07258
   334	-0.2217
   335	-0.2756
   336	-0.03886
   337	-0.1748
   338	0.04432
   339	-0.2365
   340	-0.1708
   341	-0.1673
   342	-0.2614
   343	-0.2768
   344	-0.3664
   345	 0.1286
   346	-0.2751
   347	-0.2876
   348	 0.3665
   349	0.05667
   350	-0.1902
   351	0.003477
   352	 0.1427
   353	-0.2725
   354	-0.2792
   355	-0.000385
   356	-0.1221
   357	 0.4243
   358	 0.3133
   359	-0.3212
   360	-0.1221
   361	 0.3665
   362	 0.2581
   363	-0.3212
   364	-0.1763
   365	-0.1776
   366	-0.000385
   367	-0.3121
   368	      0
   369	-0.2779
   370	0.09487
   371	-0.09991
   372	-0.07208
   373	 0.4266
   374	-0.07936
   375	-0.2811
   376	      0
   377	      0
   378	 0.1491
   379	 -0.123
   380	-0.1858
   382	-0.09991
   383	 0.1427
   384	-0.2757
   385	 0.3298
   386	-0.2811
   387	0.05181
   388	0.09487
   389	-0.1061
   390	-0.2552
   391	      0
   392	-0.1142
   393	-0.2725
   394	 0.1023
   395	0.007645
   396	-0.1004
   397	-0.3632
   398	-0.2667
   399	 0.1427
   400	 0.1416
   401	      0
   402	 0.1018
   403	-0.2514
   404	 -0.212
   405	-0.06329
   406	-0.2266
   407	      0
   408	 0.3132
   409	 0.2159
   410	 0.9091
   411	-0.2411
   412	      0
   413	-0.1508
   414	-0.1189
   415	-0.3212
   416	-0.2753
   417	-0.3611
   418	 0.3726
   419	      0
   420	-0.3664
   421	 0.1181
   422	 -0.236
   423	0.01661
   424	      0
   425	      0
   426	-0.2411
   427	-0.2202
   428	 0.1907
   429	-0.0617
   430	-0.01713
   431	 0.1491
   432	0.06514
   433	-0.2402
   434	-0.2752
   435	 -0.146
   436	-0.2085
   437	-0.3001
   438	-0.1776
   439	-0.2514
   440	-0.1708
   441	-0.1458
   442	-0.1164
   443	-0.1708
   444	 -0.406
   445	0.01631
   446	-0.2273
   447	 -0.346
   448	  0.055
   449	-0.2202
   450	-0.1537
   451	-0.2365
   453	 0.4411
   454	-0.1458
   455	 0.4411
   456	-0.3969
   457	 -0.356
   458	0.08007
   459	0.06514
   460	-0.009219
   461	 0.6191
   462	 0.1404
   463	 -0.212
   464	      0
   465	-0.09991
   466	      0
   467	-0.3079
   468	-0.2667
   469	      0
   470	-0.1962
   471	-0.05184
   472	-0.1494
   473	 0.4411
   474	 0.2612
   475	-0.06277
   476	  -0.23
   477	 0.4524
   478	-0.3001
   479	0.02421
   480	0.07071
   481	-0.2752
   482	0.01631
   483	 0.2781
   484	0.07943
   485	-0.2757
   486	-0.1164
   487	-0.0311
   488	 0.1433
   489	0.06514
   490	-0.1383
   491	 0.7268
   492	 0.2422
   493	-0.3401
   494	  0.686
   495	 0.8743
   496	 -0.406
   497	  1.163
   498	-0.1221
   499	-0.3212
   500	 -0.356
   501	-0.3611
   502	-0.06014
   503	 0.7386
   504	-0.2514
   505	      0
   506	-0.1836
   507	  -0.23
   508	 -0.214
   509	 -0.132
   510	-0.3012
   511	      0
   512	 0.2672
   513	 0.1266
   514	-0.3611
   515	-0.2079
   516	-0.2753
   517	0.01253
   518	0.06887
   519	-0.0559
   520	-0.1074
   522	0.03547
   523	-0.2727
   524	 0.1358
   525	0.006597
   526	  0.121
   527	-0.1458
   528	-0.05184
   529	-0.3667
   530	-0.3667
   531	-0.1074
   532	-0.2202
   533	 0.1286
   534	 0.1816
   535	-0.3477
   536	  0.154
   537	-0.1865
   538	      0
   539	      0
   540	-0.2266
   541	0.07931
   542	-0.2876
   543	 0.4975
   544	-0.1858
   545	 0.1225
   546	0.02867
   547	      0
   548	 -0.132
   549	  0.246
   550	0.09981
   551	-0.2752
   552	-0.2753
   553	-0.08068
   554	-0.3664
   555	 -0.346
   556	0.05147
   557	      0
   558	-0.1221
   559	 0.7419
   560	-0.3788
   561	 0.2087
   562	-0.2876
   563	-0.5409
   564	-0.2337
   565	  0.154
   566	-0.3611
   567	0.01264
   568	-0.09461
   569	0.01151
   570	 -0.236
   571	-0.08852
   572	-0.01811
   573	-0.3667
   574	      0
   575	-0.01761
   576	-0.2971
   577	-0.1708
   578	 0.3796
   579	 -0.406
   580	-0.3001
   581	0.07024
   582	-0.3064
   583	 0.1907
   584	 0.1404
   585	 0.1266
   586	 0.1727
   587	0.02421
   588	-0.07936
   589	-0.2667
   590	-0.2751
   591	-0.1423
   592	-0.3491
   593	-0.01811
   594	-0.01811
   595	 0.1753
   596	-0.1466
   597	 -0.238
   598	-0.1142
   599	-0.1836
   600	-0.09991
   601	0.003477
   602	-0.1911
   603	-0.01811
   604	  0.247
   605	-0.1608
   606	  0.055
   607	 0.2159
   608	 -0.406
   609	 -0.123
   610	 -0.406
   611	 0.7874
   612	-0.1022
   613	      0
   614	0.007645
   615	 0.1358
   616	-0.2667
   617	-0.2214
   618	 -0.295
   619	 0.3819
   620	-0.2751
   621	-0.2261
   622	-0.06277
   623	      0
   624	 0.3487
   625	-0.2135
   626	      0
   627	-0.000385
   628	-0.1763
   629	 -0.356
   630	      0
   631	-0.0311
   632	-0.06661
   633	-0.06661
   634	 0.6167
   635	      0
   636	 -0.238
   637	-0.1143
   638	 0.0882
   639	-0.2779
   640	 0.1358
   641	-0.3079
   642	 0.3745
   643	-0.09991
   644	-0.2517
   645	  -0.23
   646	-0.2614
   647	-0.07936
   648	      0
   649	-0.2085
   650	-0.02637
   651	 0.1256
   652	-0.2756
   653	0.03547
   654	 -0.356
   655	-0.07761
   656	 0.1416
   657	-0.05489
   658	-0.3212
   659	-0.05489
   660	 -0.238
   661	-0.2202
   662	-0.09991
   663	 0.2756
   664	0.009846
   665	-0.01267
   666	0.07084
