     2	-0.9801
     3	 0.1351
     4	-0.1377
     5	-0.3351
     6	-0.2298
     7	-0.5584
     8	 0.1255
     9	-0.3847
    10	-0.3794
    11	-0.1584
    12	 0.3128
    13	 0.0666
    14	 0.6173
    15	-0.4761
    16	 0.2787
    17	-0.4741
    18	-0.1447
    19	-0.2535
    20	-0.2206
    21	-0.1772
    22	 -0.272
    23	-0.6008
    24	 -1.559
    25	-0.3246
    26	  1.193
    27	  1.081
    28	-0.4741
    29	 0.1506
    30	-0.4761
    31	  0.732
    32	0.07297
    33	-0.5118
    34	 -0.243
    35	-0.3794
    36	-0.4741
    37	-0.3351
    38	-0.1447
    39	-0.02711
    40	-0.1467
    41	-0.2598
    42	0.05648
    43	 0.6613
    44	 0.1296
    45	 0.6956
    46	-0.5849
    47	-0.2993
    48	 -1.591
    49	 -0.307
    50	-0.9789
    51	 -1.003
    52	-0.0886
    53	 0.3983
    54	-0.5118
    55	-0.6266
    56	 0.2454
    57	-0.001768
    58	 0.2954
    59	-0.3015
    60	 -1.047
    61	 0.1688
    62	0.05068
    63	-0.7921
    64	 0.5045
    65	 0.8366
    66	  1.091
    67	0.09056
    68	-0.1491
    69	-0.2365
    70	 0.2012
    71	 0.1176
    72	 0.4875
    73	-0.2298
    74	-0.2298
    75	 -0.446
    76	-0.3087
    77	-0.01884
    78	 -1.911
    79	  1.137
    80	-0.9961
    81	 0.8511
    82	 -1.902
    83	 0.1497
    84	-0.2515
    85	-0.5337
    86	-0.3087
    87	0.04876
    88	 -1.331
    89	 0.1295
    90	 0.4722
    91	0.08259
    92	0.07382
    93	 0.3302
    94	-0.9801
    95	 0.3367
    96	-0.04265
    97	 -1.902
    98	 0.7627
    99	 0.1422
   100	 -1.829
   101	 0.6634
   102	-0.03616
   103	 -2.061
   104	 0.6252
   105	 0.4712
   106	0.05664
   107	 -2.376
   108	-0.5615
   109	-0.1379
   110	 0.1296
   111	-0.1697
   112	-0.5663
   113	 0.6152
   114	 0.5745
   115	 0.6439
   116	 -2.061
   117	-0.2936
   118	 0.7777
   119	 0.3996
   120	-0.4741
   121	 0.5056
   122	-0.4741
   123	  0.129
   124	 0.7777
   125	-0.4761
   126	-0.4741
   127	-0.3794
   128	-0.4741
   129	-0.3351
   130	-0.1377
   131	 0.1428
   132	-0.3087
   133	-0.4741
   134	-0.5584
   135	-0.4007
   136	-0.4099
   137	  1.009
   138	-0.1672
   139	 -1.523
   140	 -2.386
   141	-0.3742
   142	-0.7573
   143	 0.6367
   144	-0.9807
   145	-0.4135
   146	-0.1882
   147	-0.5882
   148	-0.2647
   149	-0.2951
   150	 0.6767
   151	-0.1615
   152	-0.1128
   153	 -1.068
   154	0.03892
   155	 0.7777
   156	 0.2303
   157	-0.4761
   158	-0.4874
   159	 0.2767
   160	 0.7627
   161	 0.4057
   162	 0.1149
   163	 0.1722
   164	-0.01838
   165	 0.1356
   166	 0.3041
   167	 0.6173
   168	-0.3087
   169	-0.5118
   170	 0.7777
   171	 0.2527
   172	 0.3422
   173	-0.6572
   174	-0.1062
   175	 0.5045
   176	-0.1761
   177	-0.5502
   178	 -0.461
   179	 0.1037
   180	-0.01973
   181	0.03431
   182	 -1.169
   183	 -1.327
   184	-0.5276
   185	 -2.199
   186	-0.9973
   187	-0.7817
   188	 0.3996
   189	-0.3213
   190	 -1.134
   191	0.08091
   192	 0.4962
   193	 0.6578
   195	-0.7704
   196	 0.1104
   197	-0.004238
   198	 0.1313
   199	 -1.169
   200	  0.575
   201	-0.3847
   202	-0.4761
   203	-0.2807
   204	 0.2133
   205	-0.5337
   206	-0.3752
   207	 0.1068
   208	  -2.17
   209	 0.1693
   210	-0.3338
   211	-0.7162
   212	 -1.263
   213	 0.1152
   214	-0.6802
   215	-0.2489
   216	 -1.194
   217	 0.1788
   218	 -0.918
   219	 -0.409
   220	-0.3847
   221	-0.4741
   222	 0.4887
   223	-0.3794
   224	-0.1377
   225	-0.2807
   226	-0.4741
   227	-0.1447
   228	-0.2645
   229	-0.3351
   230	-0.5584
   231	0.08351
   232	-0.1772
   233	-0.4038
   234	-0.2823
   235	-0.2087
   236	-0.02723
   237	 -2.016
   238	 0.3314
   239	 -0.252
   240	   1.28
   242	 -1.075
   243	 0.3104
   244	-0.7752
   245	 -1.144
   246	 0.5994
   247	 -1.375
   248	 0.1295
   249	 -1.134
   250	 0.9706
   251	 -1.154
   252	 0.2538
   253	-0.5224
   254	-0.3014
   255	 -2.258
   256	 -0.802
   257	  0.227
   258	0.0002429
   259	-0.6778
   260	 0.1722
   261	 0.5001
   262	-0.4749
   263	 -2.155
   264	0.02369
   265	 -1.617
   266	 0.2489
   267	-0.4741
   268	-0.5337
   269	-0.03961
   270	-0.3847
   271	-0.3087
   272	 0.1706
   273	-0.2807
   274	-0.3351
   275	-0.2535
   276	-0.1813
   277	 -1.394
   278	 0.2558
   279	-0.1081
   280	 0.1148
   281	 0.3225
   282	  -1.72
   283	 0.5912
   284	 0.3822
   285	-0.8901
   286	 -1.427
   288	 0.3449
   289	 0.1698
   290	0.007562
   291	-0.5118
   292	 0.2408
   293	-0.3937
   294	-0.09855
   295	  1.568
   296	-0.1377
   297	-0.3351
   298	-0.4741
   299	 0.7777
   300	-0.08922
   301	-0.4741
   303	-0.1377
   304	 0.3988
   305	 0.9315
   306	-0.08313
   307	 0.5377
   308	-0.3351
   309	-0.1377
   310	 0.5258
   311	-0.4741
   312	-0.5584
   313	 0.1176
   314	-0.5584
   315	-0.1377
   316	0.01157
   317	 0.1704
   318	 0.1506
   319	-0.2535
   320	-0.3351
   321	-0.4741
   322	-0.4741
   323	-0.5337
   324	0.05618
   325	 0.1706
   326	-0.2807
   327	-0.2577
   328	-0.4761
   329	0.07906
   330	 -2.258
   331	 0.1463
   332	-0.4972
   333	 -2.155
   334	0.09056
   335	-0.9105
   336	0.05618
   337	  0.111
   338	-0.4741
   339	-0.2206
   340	-0.5584
   341	-0.2206
   342	-0.3351
   343	0.05618
   344	-0.03961
   345	-0.4741
   346	-0.1377
   347	-0.2298
   348	-0.4393
   349	-0.2022
   350	  -1.25
   351	 -2.155
   352	 0.3142
   353	 0.2872
   354	-0.2713
   355	-0.4415
   356	-0.4351
   357	-0.2577
   358	-0.1356
   359	-0.5584
   360	 0.6173
   361	-0.08922
   362	  0.208
   363	-0.5584
   364	-0.3794
   365	-0.2645
   366	-0.08158
   367	0.002997
   368	0.01172
   369	 -1.003
   370	-0.2971
   371	 0.0221
   372	 -1.003
   373	-0.0697
   374	 0.1677
   375	 0.6969
   376	 0.2831
   377	 -1.514
   378	-0.3628
   379	 0.2477
   380	 -0.677
   382	  1.015
   383	-0.2225
   384	 0.2976
   385	0.07713
   386	  1.347
   387	 -0.686
   388	-0.4236
   389	 0.6159
   390	-0.4351
   391	 0.7292
   392	 0.1491
   393	-0.0004439
   394	-0.08396
   395	  1.074
   396	-0.06435
   397	-0.04183
   398	 0.5243
   399	-0.3752
   400	-0.01792
   401	 -1.673
   402	  -1.22
   403	-0.6883
   404	 -1.218
   405	-0.02087
   406	 0.6252
   407	 -1.804
   408	  1.056
   409	   0.36
   410	-0.3351
   411	 -0.544
   412	 0.7578
   413	-0.0933
   414	 0.1428
   415	-0.08158
   416	-0.3794
   417	-0.5584
   418	 0.5056
   419	  0.732
   420	-0.3794
   421	 0.1149
   422	-0.3087
   423	 0.1722
   424	 -1.617
   425	 -2.199
   426	-0.6235
   427	0.02664
   428	-0.3691
   429	-0.5029
   430	-0.7752
   431	-0.6008
   432	 0.5926
   433	 0.2915
   434	-0.2191
   435	-0.0933
   436	 0.3066
   437	 0.6565
   438	-0.3615
   439	 0.5106
   440	 0.7831
   441	-0.2807
   442	 0.4468
   443	-0.08158
   444	-0.1447
   445	-0.2807
   446	-0.4761
   447	-0.4741
   448	-0.4741
   449	-0.2191
   450	 0.6868
   451	-0.5557
   453	 0.1678
   454	   0.25
   455	-0.1733
   456	  1.312
   457	 0.5387
   458	-0.4029
   459	-0.8768
   460	 0.0701
   461	-0.6107
   462	  -1.16
   463	 0.3368
   464	   0.15
   465	 -0.326
   466	-0.4409
   467	-0.3615
   468	-0.02989
   469	 -2.092
   470	-0.6936
   471	0.07527
   472	 0.7188
   473	-0.02501
   474	 -1.829
   475	-0.5809
   476	 0.2003
   477	-0.2535
   478	-0.1447
   479	-0.5118
   480	 0.4887
   481	-0.2298
   482	-0.2577
   483	  1.341
   484	-0.1916
   485	  -1.72
   486	 -1.167
   487	-0.4774
   488	 0.3314
   489	-0.2756
   490	 0.2134
   491	 0.9016
   492	 -1.829
   493	-0.2296
   494	-0.4365
   495	 -0.148
   496	-0.9539
   497	-0.2515
   498	 0.4887
   499	-0.5584
   500	-0.1447
   501	-0.4741
   502	-0.08313
   503	-0.1377
   504	0.007562
   505	 0.7777
   506	 0.3781
   507	-0.1822
   508	-0.05333
   509	 -0.307
   510	-0.2014
   511	 -1.539
   512	-0.8065
   513	 0.5891
   514	 0.8264
   515	-0.4673
   516	 -1.027
   517	-0.07054
   518	-0.3864
   519	 -0.358
   520	-0.1389
   522	 0.6305
   523	-0.2563
   524	-0.08396
   525	-0.2333
   526	 0.1075
   527	-0.01472
   528	-0.3863
   529	-0.2645
   530	-0.3351
   531	-0.2535
   532	-0.2191
   533	-0.3752
   534	-0.06435
   535	-0.03961
   536	-0.1413
   537	 -0.177
   538	-0.0354
   539	  1.366
   540	 -0.299
   541	-0.2116
   542	-0.4427
   543	0.08958
   544	0.06368
   545	 -0.686
   546	0.07487
   547	 -2.043
   548	0.06886
   549	 -1.829
   550	-0.2594
   551	 0.1999
   552	 -1.218
   553	0.02331
   554	 -1.263
   555	 0.3391
   556	-0.8253
   557	 -2.021
   558	-0.1203
   559	0.06551
   560	-0.1447
   561	-0.2645
   562	-0.2298
   563	-0.5584
   564	-0.1447
   565	-0.3847
   566	-0.4741
   567	0.007562
   568	-0.3351
   569	-0.1168
   570	-0.3087
   571	 0.2527
   572	-0.3752
   573	 0.5472
   574	 -2.348
   575	-0.01829
   576	 0.7432
   577	 0.8732
   578	-0.1926
   579	 -1.224
   580	-0.9151
   581	 0.2299
   582	-0.2026
   583	 0.7182
   584	 0.1397
   585	  0.575
   586	 0.2489
   587	-0.4741
   588	-0.1879
   589	-0.02989
   590	0.07906
   591	 0.4628
   592	 0.5293
   593	-0.5118
   594	-0.4741
   595	 0.1176
   596	-0.1584
   597	-0.5337
   598	 0.1149
   599	-0.4837
   600	 0.0221
   601	  -1.72
   602	-0.2542
   603	-0.3752
   604	-0.4038
   605	 -1.032
   606	 0.3776
   607	 0.2275
   608	 -1.047
   609	  0.255
   610	-0.8076
   611	  0.524
   612	 0.2554
   613	 -0.102
   614	 0.5994
   615	-0.5584
   616	 0.4546
   617	 0.3787
   618	-0.1471
   619	 0.3752
   620	-0.2797
   621	-0.3528
   622	 0.4865
   623	 -1.914
   624	-0.3029
   625	 -1.036
   626	-0.9888
   627	-0.4749
   628	-0.8901
   629	-0.1544
   630	-0.7079
   631	-0.7372
   632	 -1.047
   633	 -1.423
   634	  1.253
   635	 -1.673
   636	0.07914
   637	 0.8009
   638	-0.5579
   639	  -1.72
   640	-0.3847
   641	-0.5337
   642	 -0.246
   643	-0.2298
   644	-0.1879
   645	-0.01838
   646	-0.2645
   647	 0.1574
   648	 -2.244
   649	 -0.384
   650	-0.8253
   651	  0.129
   652	  0.111
   653	 0.3884
   654	-0.1447
   655	-0.1447
   656	-0.4741
   657	-0.2206
   658	-0.4741
   659	-0.2206
   660	-0.3351
   661	-0.2298
   662	-0.3087
   663	 0.1722
   664	 0.1722
   665	 0.4736
   666	 0.1239
